
logloss_0.05
[[ 0.58621626  0.00721556]
 [ 0.56053521  0.00726745]
 [ 0.5472999   0.00713727]
 [ 0.53869099  0.00724318]
 [ 0.53274924  0.00741341]
 [ 0.52816809  0.00736876]
 [ 0.5246522   0.00721138]
 [ 0.52187986  0.00713796]]

logloss: 0.1
[[ 0.58621626  0.00721556]
 [ 0.56053521  0.00726745]
 [ 0.5472999   0.00713727]
 [ 0.53869099  0.00724318]
 [ 0.53274924  0.00741341]
 [ 0.52816809  0.00736876]
 [ 0.5246522   0.00721138]
 [ 0.52187986  0.00713796]]

expo_0.05
[[ 0.51863693  0.00336602]
 [ 0.49212162  0.00338679]
 [ 0.48137064  0.00360175]
 [ 0.47671644  0.00372869]]
[[ 0.47399724  0.00460636]
 [ 0.47317806  0.00491753]
 [ 0.47280205  0.00529119]
 [ 0.47318806  0.00541217]]


expo2_0.05
L2: 0.05 sL2: 0.0005
[[ 0.58134956  0.00414581]
 [ 0.54292553  0.00344576]
 [ 0.52258513  0.00357207]
 [ 0.50972427  0.0042126 ]
 [ 0.50032393  0.00427276]
 [ 0.49352004  0.00465918]
 [ 0.48816777  0.00493749]
 [ 0.48352851  0.00527793]]

Expo L2: 0.05, sL2: 0.005
expo2_0.0050000.05
[[ 0.53798638  0.00422792]
 [ 0.50277415  0.00487947]
 [ 0.48711101  0.00495653]
 [ 0.47855525  0.00514518]
 [ 0.47362229  0.0054265 ]
 [ 0.47027597  0.00558858]
 [ 0.46832914  0.00590766]
 [ 0.46723642  0.0058981 ]]

Expo L2: 0.1, sL2: 0.05
expo2_0.0100000.1
[[ 0.5646231   0.00355277]
 [ 0.52497983  0.00396739]
 [ 0.50543026  0.00460838]
 [ 0.4940434   0.00474469]
 [ 0.48644438  0.00478383]
 [ 0.4810072   0.00481479]
 [ 0.47712732  0.00489048]
 [ 0.47433618  0.00513235]]

# confusion matrix for the best estimate
[[ 197   11    4    0    4   28   21   56   84]
 [   2 2709  404   38    6    5   29    6    5]
 [   0  666  852   34    0    3   29    3    3]
 [   0  151   75  274    2   23    5    2    0]
 [   0   12    3    0  549    0    1    1    1]
 [   8   19    2    4    2 2615   39   36   38]
 [   8   55   41    6    5   39  395   18    3]
 [  21   14    7    0    2   36   12 1624   31]
 [  13   16    0    0    2   35    4   32  895]]
